UT time,Temp (K),Band intensity
-1.06,205.0307,76770.8828
-1.03,202.4986,76521.9063
-1.01,201.4202,77262.7031
-0.98,197.8892,77271.0156
-0.95,197.2796,77668.9922
-0.92,194.4533,78262.9219
-0.89,191.4583,77397.1953
-0.86,193.5619,77583.4063
-0.83,194.3834,76016.2344
-0.8,195.6243,75181.6484
-0.78,192.9275,73833.5
-0.75,190.9243,72225.8516
-0.72,193.5011,71874.7266
-0.69,190.6021,69932.7813
-0.66,190.7753,68860.1016
-0.63,190.8899,68426.2656
-0.6,192.072,68121.5781
-0.57,191.2695,67732.7813
-0.55,189.3928,66840.3672
-0.51,189.9744,67110.2969
-0.48,--,69314.2813
-0.45,191.5279,68558.9531
-0.42,189.3634,67006.7734
-0.39,190.2326,66380.1875
-0.36,191.4321,65867.2266
-0.33,189.4385,65721.2109
-0.31,192.473,65624.6641
-0.28,190.9717,64659.0391
-0.25,189.3625,64661.9844
-0.22,187.6588,63723.3438
-0.19,187.5915,63577.4727
-0.16,185.805,63806.4609
-0.13,187.2944,63837.7813
-0.1,185.4628,63813.8047
-0.08,184.6271,63503.4805
-0.05,187.8554,64146.4883
-0.02,185.781,64029.3906
0,184.4383,63782.9609
0.03,182.7529,64117.1602
0.06,183.5726,64401.543
0.09,184.0154,64314.2148
0.12,183.1281,63781.7695
0.14,183.3187,62379.9453
0.17,180.2633,61461.043
0.2,181.7652,60798.0859
0.23,181.5054,60258.0156
0.26,180.6288,59771.582
0.29,180.2107,59160.2969
0.32,180.5897,57739.125
0.35,176.2097,53777.582
0.38,177.3833,52331.1797
0.41,178.0289,52040.1641
0.44,177.5432,51140.2461
0.47,175.6252,50783.3477
0.5,177.6099,50878.2266
0.53,176.8337,51273.8672
0.56,175.2701,50610.8516
0.58,176.9236,50131.4258
0.61,177.3948,49670.0625
0.64,173.7675,48575.2695
0.67,176.1087,48994.0742
0.7,176.9124,49481.2773
0.73,177.1843,48828.5234
0.76,173.9214,47311.0195
0.79,173.2874,46736.4453
0.81,174.7637,47070.5273
0.84,175.3129,47841.8789
0.87,174.7112,47408.2734
0.9,175.6095,47435.1367
0.93,173.5204,46645.6992
0.96,173.5093,46691.2227
0.99,175.53,47655.0469
1.02,178.094,48364.8633
1.04,176.484,47572.1133
1.07,177.7688,47073.2109
1.1,174.0827,46088.0391
1.13,177.7244,46700.0273
1.16,178.7345,46660.5586
1.19,178.9385,46331.7422
1.23,177.7476,45442.5742
1.25,176.0379,45052.5938
1.28,175.3565,44689.0273
1.31,175.7479,44508.0508
1.34,177.8221,44465.5508
1.37,177.8812,44460.2109
1.4,177.8472,44323.7383
1.43,177.085,43491.5586
1.46,177.9065,42979.707
1.48,177.5356,42349.7109
1.51,179.4056,42403.2852
1.54,176.0696,41534.6836
1.57,175.6376,41749.793
1.6,175.4267,42444.3125
1.63,176.9801,43819.6719
1.66,176.3539,42492.3711
1.69,174.603,41131.0547
1.72,177.1687,42440.2188
1.74,178.0535,44051.3945
1.77,176.6126,44678.0547
1.8,174.2915,43997.4531
1.83,173.4969,42245.3086
1.86,174.0895,40622.6445
1.89,173.1394,40660.5781
1.92,173.6093,41195.6172
1.94,175.2437,42188.3828
1.97,174.3112,41970.8594
2,171.9068,40779.418
2.03,172.3135,40510.7773
2.06,174.9746,41039.5938
2.1,172.2542,40481.125
2.13,173.4934,40704.6211
2.15,171.1613,40097.1211
2.18,173.6013,40414.1719
2.21,173.1034,39397.3164
2.24,172.1551,39106.9961
2.27,168.4576,38307.7813
2.3,171.3859,38116.5977
2.33,170.0413,37158.7461
2.36,166.4327,36230.375
2.38,166.3009,36289.9492
2.41,169.8909,36397.3047
2.44,168.9518,35414.4492
2.47,168.3436,34285.4688
2.5,165.8862,32951.7617
2.53,167.3785,32729.2422
2.56,172.2595,34649.3672
2.59,169.3432,32799.418
2.62,163.7989,31536.7754
2.64,165.6359,31513.8203
2.67,165.4034,31523.5273
2.7,167.9253,32120.4238
2.73,168.6286,31547.8145
2.76,166.8216,30428.3242
2.79,168.9744,30716.0352
2.82,171.0278,31063.041
2.85,166.0338,31591.6406
2.87,171.6659,32306.5332
2.9,165.4903,30846.1992
2.93,168.8985,31604.5723
2.97,162.4051,30443.0605
3,164.5118,31503.8125
3.03,167.4202,32457.3457
3.06,168.9762,33350.2969
3.08,171.9258,32698.2402
3.11,166.9708,31784.1816
3.14,169.6447,32477.959
3.17,163.0659,31849.4902
3.2,164.5824,32523.1289
3.23,166.8023,34139.7461
3.26,170.961,33146.1484
3.29,162.9076,32658.4258
3.31,164.7491,32455.7656
3.34,165.6714,33603.4453
3.37,172.1955,34266.9141
3.4,167.0041,34108.5508
3.43,164.1879,35440.5977
3.46,165.6048,36784.8828
3.49,--,36765.7227
3.52,166.8185,37471.4102
3.55,--,36355.4844
3.57,--,32455.5801
3.6,--,32729.9473
3.63,170.1433,32575.1289
3.66,169.8237,32597.4121
3.69,--,34164
3.72,171.8696,33480.7773
3.75,173.5943,34537.5625
3.77,178.2654,34524.4648
3.8,171.9171,32825.2031
3.84,176.0753,34685.2969
3.87,169.2914,33636.3242
3.9,170.6003,32383.7441
3.93,167.3677,32225.9316
3.96,170.7263,31445.3027
3.98,176.2231,32139.127
4.01,171.088,30874.0586
4.04,--,29867.2305
4.07,178.0207,32224.6445
4.1,169.9312,30355.1152
4.13,170.5148,29137.3242
4.16,171.0207,29544.7773
4.19,169.8495,30815.9785
4.21,174.5324,29960.166
4.24,171.4349,29659.3242
4.27,177.4778,30608.4023
4.3,--,27769.1406
4.33,172.7012,28141.0859
4.36,177.9118,30115.4941
4.39,171.9889,29735.2754
4.41,175.9398,30829.2207
4.44,174.552,30008.4082
4.47,177.6132,30014.0371
4.5,172.6859,29373.1973
4.53,175.3938,29281.0078
4.56,179.5263,29918.0879
4.59,180.0219,30262.0586
4.62,180.1107,29710.6465
4.65,178.7373,28414.2227
4.67,176.7031,28772.9551
4.71,174.1591,27572.3809
4.74,178.3976,27468.0781
4.77,178.2407,27978.1191
4.8,175.5204,28887.6777
4.83,175.5209,29909.1543
4.86,178.9415,30871.3594
4.88,181.8925,31259.8711
4.91,180.5756,30790.5059
4.94,176.7326,30069.8027
4.97,177.2312,30484.7734
5,178.1224,31514.2441
5.03,179.1578,32185.0918
5.06,177.5806,32723.9551
5.09,178.2845,32828.957
5.11,179.6783,32779.3164
5.14,173.2391,31636.8984
5.17,175.616,31103.9355
5.2,173.5797,30837.7324
5.23,173.9466,30188.4863
5.26,173.7558,30139.9492
5.29,175.785,30453.0195
5.31,174.1617,29934.7227
5.34,174.2476,29586.8867
5.37,174.4629,29464.5957
5.4,173.7464,29121.7441
5.43,173.5422,28491.209
5.46,173.6094,28177.3672
5.49,177.3469,28604.8281
5.52,180.1676,29475.3379
5.55,178.6761,29271.084
5.58,176.4472,27716.7168
5.61,176.5443,27022.5488
5.64,176.2654,26525.4766
5.67,173.1858,25863.4805
5.7,175.2563,25937.0352
5.73,171.7812,25717.541
5.76,173.044,26080.3047
5.78,172.4645,25770.6602
5.81,172.9044,26026.3105
5.84,175.2077,27121.1855
5.87,175.6893,28074.0547
5.9,177.7319,28471.4336
5.93,173.7025,27552.8574
5.96,176.2775,25881.7246
5.99,174.8939,24518.7207
6.01,178.7955,24567.4902
6.04,177.5619,24195.5313
6.07,174.8529,24551.2031
6.1,179.1187,25788.5801
6.13,178.5684,26484.4395
6.16,178.2709,27185.1641
6.19,177.4861,27834.6113
6.21,180.0656,27680.1543
6.24,180.2483,27731.2422
6.27,178.2579,27502.3086
6.3,179.8498,27357.8184
6.33,178.222,26939.8848
6.36,183.0049,27146.8887
6.39,181.9229,27333.2012
6.42,183.7513,27311.4121
6.45,185.85,27809.0117
6.48,187.8668,28072.3457
6.51,187.724,27885.3828
6.54,193.4166,28730.8711
6.57,191.2076,29166.9805
6.6,191.2408,29486.25
6.63,193.4101,30445.0234
6.66,194.3465,31243.8281
6.68,191.8411,31412.9492
6.71,194.5839,31647.1621
6.74,192.535,31724.4277
6.77,190.3124,31675.4434
6.8,188.3986,31815.4902
6.83,185.2417,32027.8809
6.86,189.9765,32550.3926
6.88,193.2655,33210.6602
6.91,191.1066,33500.7852
6.94,188.7746,33313
6.97,189.2781,32922.1016
7,187.8307,31625
7.03,189.0741,31329.6094
7.06,192.2563,31265.0957
7.09,190.1907,31188.6719
7.11,186.4957,30359.7656
7.14,189.5342,30586.5566
7.17,194.0475,31327.7246
7.2,192.9375,31766.3262
7.23,192.9146,33162.7617
7.26,193.8189,34356.6211
7.29,190.0132,35483.5195
7.32,188.5479,35595.082
7.35,188.3147,35314.4844
7.38,191.409,34630.0742
7.41,189.6045,33305.0742
7.44,188.7952,32569.5684
7.47,192.8479,31924.752
7.5,187.6694,30407.5703
7.53,196.4996,30320.3672
7.56,196.5237,30040.6211
7.58,201.5562,30265.4707
7.61,205.3943,30062.2051
7.64,200.9922,30457.1191
7.67,196.546,31434.1348
7.7,200.3549,32157.4355
7.73,197.4099,32292.1406
7.76,197.2709,32235.8633
7.78,198.4332,31997.4922
7.81,198.4689,32015.3574
7.84,201.3336,32524.2129
7.87,202.0364,33092.3945
7.9,199.726,33514.9531
7.93,199.7433,33768.5
7.96,203.2532,34899.168
7.99,204.3997,35456.8008
8.01,200.9899,35822.4883
8.04,199.5891,36780.875
8.07,199.1001,38051.3945
8.1,200.888,38282.6953
8.13,194.6989,38356.9961
8.16,195.3436,38823.082
8.2,196.8426,39385.8438
8.22,197.7733,39289.0391
8.25,193.5702,38619.0547
8.28,198.2161,39074.9609
8.31,198.479,39368.4414
8.34,195.1181,39338.4141
8.37,197.5247,39508.4688
8.4,200.1568,39383.0273
8.43,196.9626,38619.2031
8.45,199.0568,38420.4336
8.48,198.8035,38773.7891
8.51,200.332,39936.8438
8.54,201.0215,41840.7305
8.57,201.5413,44508.7305
8.6,199.4747,45854.6016
8.63,197.3544,45912.582
8.66,197.7015,44863.8867
8.68,199.864,43026.6914
8.71,199.8798,42587.5938
8.74,--,43714.3633
8.77,200.5613,43779.9844
8.8,203.4413,45216.375
8.83,198.5163,45001.4023
8.86,196.9081,44528.3711
8.89,200.2023,44547.8984
8.91,202.662,44572.3359
8.94,203.4929,45889.3047
8.97,198.1652,45820.9766
9,199.6109,46341.7227
9.03,202.863,47219.5664
9.07,198.3302,47120.9336
9.1,198.5788,47399.5703
9.12,200.7545,48085.0117
9.15,203.1074,49220.9844
9.18,198.7108,49485.6055
9.21,200.3832,50745.457
9.24,199.6456,52352.1992
9.27,196.2162,52686.1016
9.3,198.335,52316.332
9.33,199.6715,51609.9492
9.35,199.4377,52508.7852
9.38,198.2354,52891.3789
9.41,198.3195,53656.9492
9.44,202.3724,55244.9648
9.47,197.9407,55024.0078
9.5,201.0152,55489.2617
9.53,201.9015,55440.4023
9.56,200.3182,56055.043
9.59,200.5409,56723.1406
9.61,201.5832,56887.2148
9.64,199.9738,57357.543
9.67,199.1526,58150.2031
9.7,198.2313,58881.0625
9.73,200.3541,60063.2422
9.76,198.503,60881.0391
9.79,196.1199,62218.3477
9.81,200.3102,62492.1289
9.84,201.2413,60748.9258
9.87,197.9976,59531.6758
9.9,200.3315,59636.5781
9.94,197.597,60972.5664
9.97,196.3016,61958.6836
10,196.6867,63227.8672
10.02,198.5213,64573.3555
10.05,196.363,65261.9648
10.08,197.7442,66382.8438
10.11,197.259,67141.375
10.14,194.1867,67842.6563
10.17,194.5742,68236.3047
10.2,196.9061,68621.5234
10.23,194.1073,68394.2266
10.25,197.1399,68179.1797
10.28,192.2376,67491.0703
10.31,192.1406,67024.0859
10.34,195.5845,67535.8281
10.37,193.372,67242.0547
10.4,192.94,67862.6094
10.43,194.7188,67144.9297
10.45,189.2869,64224.6133
10.48,189.8669,63592.1289
10.51,192.3047,64544.1602
10.54,192.0649,65788.3984
